gaussian_kernel_1_0.6
mouth_correct:  0.816017316017
eye_correct:    0.90586797066
mouth_miss:     0.0151515151515
eye_miss:       0.0
mouth_wrong:    0.168831168831
eye_wrong:      0.0941320293399
462
818
[Finished in 0.0s]

gaussian_kernel_1_0.4
mouth_correct:  0.795358649789
eye_correct:    0.891696750903
mouth_miss:     0.0147679324895
eye_miss:       0.0
mouth_wrong:    0.189873417722
eye_wrong:      0.108303249097
474
831
[Finished in 0.0s]

gaussian_kernel_1_0.2
mouth_correct:  0.745059288538
eye_correct:    0.872791519435
mouth_miss:     0.0138339920949
eye_miss:       0.0
mouth_wrong:    0.241106719368
eye_wrong:      0.127208480565
506
849
[Finished in 0.0s]

gaussian_kernel_1_0.1
mouth_correct:  0.633613445378
eye_correct:    0.783298097252
mouth_miss:     0.0117647058824
eye_miss:       0.0
mouth_wrong:    0.354621848739
eye_wrong:      0.216701902748
595
946
[Finished in 0.0s]